$ANSIBLE_VAULT;1.1;AES256
31663239323637613462663035313264643939663037346464363661383963396266626336653139
6536316630376439343138353731313635646133646631300a346434303965376564646362396436
36666463623836373139633863653633396162396366363863366635353833306631383234613138
3635653562336332320a343535333335393530313132313634316136363065616463633139346630
30353438393339326235303965316130353438393534353231343633326364663335313139656665
31646332303863363539346439313961356666356430646130313839326365653566376233376334
32306132303333353737613639643035353233663532323430663862636130306332303630333530
62343363643565313534353736366632373439383964353664313765633932323333333263323261
34373938376563653334306439346534316236393863386630373338633536666563303231346436
30396631366633616634376435323730346130383139313261646636303565376361346137363364
38646462346539376666303937343434633237363737623531303462373563653564333266386337
62376134633561653164616164373063303032636531366464323038386562396164663262376365
62646236323136316638343939366166616139643163323138303831616138343466393462343466
66326537306631623138633966656135336330306666366439656130626166663838306537363466
37653165353033623932386638656238633632373966613361303431393530386366303239333437
66383135616464313732356464353838646631373235393632323539613733323264373565303737
39393461623530353433386635653937303962333131613335376438623930363861323931366635
64326333366537623831653665323838613061363337323733623032643263373265383266333863
39383164653938363165663435373333613531663938303165613166363362356131653864333831
34333034646635343030346139353030663564623166653334653861356464636464326366646134
34326366376164653331633464633336613962393438656161316536376334636134663331306236
34633732613163366336343063343931316233353333376339333336373132613532323065636430
63356164313339323734336536346233333836343763306562353133633132643638313566363338
30643265643237373330
